Our Model

Summary
Created from 15039 samples and 9 variables

Pre-processing:
  - centered (9)
  - independent component signal extraction (9)
  - ignored (0)
  - scaled (9)
  - spatial sign transformation (9)
  - Yeo-Johnson transformation (7)

Lambda estimates for Yeo-Johnson transformation:
0.85, -3, 2.63, 0.35, -0.22, 0.41, -0.5
ICA used 8 components

Means
          AT           AP           AH         AFDP         GTEP          TIT          TAT          TEY          CDP 
1.275691e+01 3.338228e-01 4.070670e+04 2.218844e+00 2.324215e+00 1.083799e+03 5.453962e+02 1.560344e+01 1.447810e+00 

Standard Deviation
          AT           AP           AH         AFDP         GTEP          TIT          TAT          TEY          CDP 
4.877038e+00 6.242127e-12 1.614183e+04 2.603148e-01 7.637011e-02 1.652781e+01 7.866803e+00 8.627926e-01 2.325118e-02 

ICA
$row.norm
[1] FALSE

$K
             [,1]        [,2]        [,3]        [,4]         [,5]        [,6]        [,7]        [,8]
 [1,] -0.02580472 -0.50433831  0.05647249  0.02466869 -0.006999065  1.29335385 -0.57458826 -2.19574905
 [2,]  0.03016550  0.31067476  0.80272900  0.37409279 -0.232319415  0.59584586 -0.35660006  0.32343874
 [3,] -0.04149416  0.38385854 -0.61974397  0.40447195 -0.041651887  0.93538320  0.06756452 -0.04089528
 [4,]  0.16030689 -0.01321218 -0.12577407 -0.27259118 -1.418889086  0.02896123  0.11427788 -0.62451816
 [5,]  0.19915364 -0.05272905 -0.04983480  0.06297223  0.226634194  0.13923266 -4.49766164 16.98690578
 [6,]  0.17894877 -0.13459997 -0.05095384  0.66054013  0.085839533 -0.18498644 -4.11739309 -5.34557732
 [7,] -0.14743698 -0.18690341 -0.03927926  0.93091402 -0.459651168 -0.52429962  2.62728737  4.05466760
 [8,]  0.19842240  0.03264667 -0.05693972  0.17342110  0.259976541 -0.17813963 -6.09323242 -8.48777401
 [9,]  0.19967461 -0.01896439 -0.01883543  0.10982802  0.263960263  0.06506108 16.07282584 -0.56315095

$W
            [,1]        [,2]        [,3]        [,4]        [,5]        [,6]         [,7]        [,8]
[1,] -0.51195928  0.13757235 -0.02062161  0.31848366 -0.11749639 -0.66038507 -0.276790357  0.30097793
[2,] -0.28638969  0.74153687 -0.23361291 -0.26541951 -0.03997287  0.05163334  0.488479624 -0.01432947
[3,] -0.53067987  0.07499334 -0.08432889 -0.19348184  0.18203498  0.47926287 -0.611408898 -0.17764520
[4,] -0.12545743 -0.08618833 -0.24283192  0.50133917  0.76410919  0.09930827  0.266773289  0.04038224
[5,]  0.07498379 -0.21347772 -0.88750038  0.07507659 -0.34694439  0.10976927 -0.051415899  0.14299644
[6,] -0.59030644 -0.54784415  0.16401479 -0.07915008 -0.24455860  0.14852253  0.485828891  0.01849193
[7,]  0.06329298 -0.01828533  0.09156879 -0.29704556  0.16984792  0.19973826 -0.033245564  0.91059858
[8,] -0.02068066 -0.26852222 -0.23659763 -0.66272706  0.39820792 -0.49766145  0.002711694 -0.16136512

