Our Model

Summary
Created from 15039 samples and 9 variables

Pre-processing:
  - centered (9)
  - independent component signal extraction (9)
  - ignored (0)
  - scaled (9)
  - spatial sign transformation (9)
  - Yeo-Johnson transformation (7)

Lambda estimates for Yeo-Johnson transformation:
0.85, -3, 2.63, 0.35, -0.22, 0.41, -0.5
ICA used 8 components

Means
          AT           AP           AH         AFDP         GTEP          TIT          TAT          TEY          CDP 
1.275691e+01 3.338228e-01 4.070670e+04 2.218844e+00 2.324215e+00 1.083799e+03 5.453962e+02 1.560344e+01 1.447810e+00 

Standard Deviation
          AT           AP           AH         AFDP         GTEP          TIT          TAT          TEY          CDP 
4.877038e+00 6.242127e-12 1.614183e+04 2.603148e-01 7.637011e-02 1.652781e+01 7.866803e+00 8.627926e-01 2.325118e-02 

ICA
$row.norm
[1] FALSE

$K
             [,1]        [,2]        [,3]        [,4]         [,5]        [,6]        [,7]        [,8]
 [1,] -0.02580472 -0.50433831  0.05647249  0.02466869 -0.006999065  1.29335385 -0.57458826 -2.19574905
 [2,]  0.03016550  0.31067476  0.80272900  0.37409279 -0.232319415  0.59584586 -0.35660006  0.32343874
 [3,] -0.04149416  0.38385854 -0.61974397  0.40447195 -0.041651887  0.93538320  0.06756452 -0.04089528
 [4,]  0.16030689 -0.01321218 -0.12577407 -0.27259118 -1.418889086  0.02896123  0.11427788 -0.62451816
 [5,]  0.19915364 -0.05272905 -0.04983480  0.06297223  0.226634194  0.13923266 -4.49766164 16.98690578
 [6,]  0.17894877 -0.13459997 -0.05095384  0.66054013  0.085839533 -0.18498644 -4.11739309 -5.34557732
 [7,] -0.14743698 -0.18690341 -0.03927926  0.93091402 -0.459651168 -0.52429962  2.62728737  4.05466760
 [8,]  0.19842240  0.03264667 -0.05693972  0.17342110  0.259976541 -0.17813963 -6.09323242 -8.48777401
 [9,]  0.19967461 -0.01896439 -0.01883543  0.10982802  0.263960263  0.06506108 16.07282584 -0.56315095

$W
             [,1]         [,2]        [,3]        [,4]        [,5]        [,6]        [,7]        [,8]
[1,]  0.269039173 -0.303114876 -0.11846421 -0.01694165 -0.49608212 -0.12884999 -0.67576489  0.31946914
[2,] -0.487648375  0.019618811 -0.03238835 -0.23415823 -0.28319747 -0.74370021  0.03177243 -0.26764677
[3,]  0.613006913  0.196181166  0.19017466 -0.08826585 -0.54533472 -0.07743411  0.44385761 -0.20342722
[4,] -0.265418894 -0.035759281  0.76426776 -0.24437584 -0.12684376  0.08872394  0.09571866  0.50132424
[5,]  0.052303390 -0.145463190 -0.34822178 -0.88752405  0.06568429  0.21015885  0.11554386  0.07291032
[6,] -0.489430713 -0.004740365 -0.23940632  0.16125397 -0.59492722  0.54476989  0.13608189 -0.08880297
[7,]  0.035494697 -0.905928335  0.17722589  0.09082561  0.04192556  0.01900657  0.20884949 -0.30436583
[8,] -0.007374282  0.161500897  0.39327193 -0.23541754  0.01455542  0.27411215 -0.51056235 -0.65403028

