Our Model

Summary
Created from 15039 samples and 9 variables

Pre-processing:
  - centered (9)
  - independent component signal extraction (9)
  - ignored (0)
  - scaled (9)
  - spatial sign transformation (9)
  - Yeo-Johnson transformation (7)

Lambda estimates for Yeo-Johnson transformation:
0.85, -3, 2.63, 0.35, -0.22, 0.41, -0.5
ICA used 8 components

Means
          AT           AP           AH         AFDP         GTEP          TIT          TAT          TEY          CDP 
1.275691e+01 3.338228e-01 4.070670e+04 2.218844e+00 2.324215e+00 1.083799e+03 5.453962e+02 1.560344e+01 1.447810e+00 

Standard Deviation
          AT           AP           AH         AFDP         GTEP          TIT          TAT          TEY          CDP 
4.877038e+00 6.242127e-12 1.614183e+04 2.603148e-01 7.637011e-02 1.652781e+01 7.866803e+00 8.627926e-01 2.325118e-02 

ICA
$row.norm
[1] FALSE

$K
             [,1]        [,2]        [,3]        [,4]         [,5]        [,6]        [,7]        [,8]
 [1,] -0.02580472 -0.50433831  0.05647249  0.02466869 -0.006999065  1.29335385 -0.57458826 -2.19574905
 [2,]  0.03016550  0.31067476  0.80272900  0.37409279 -0.232319415  0.59584586 -0.35660006  0.32343874
 [3,] -0.04149416  0.38385854 -0.61974397  0.40447195 -0.041651887  0.93538320  0.06756452 -0.04089528
 [4,]  0.16030689 -0.01321218 -0.12577407 -0.27259118 -1.418889086  0.02896123  0.11427788 -0.62451816
 [5,]  0.19915364 -0.05272905 -0.04983480  0.06297223  0.226634194  0.13923266 -4.49766164 16.98690578
 [6,]  0.17894877 -0.13459997 -0.05095384  0.66054013  0.085839533 -0.18498644 -4.11739309 -5.34557732
 [7,] -0.14743698 -0.18690341 -0.03927926  0.93091402 -0.459651168 -0.52429962  2.62728737  4.05466760
 [8,]  0.19842240  0.03264667 -0.05693972  0.17342110  0.259976541 -0.17813963 -6.09323242 -8.48777401
 [9,]  0.19967461 -0.01896439 -0.01883543  0.10982802  0.263960263  0.06506108 16.07282584 -0.56315095

$W
            [,1]        [,2]        [,3]         [,4]         [,5]        [,6]        [,7]        [,8]
[1,]  0.62694797  0.10628254 -0.02606742 -0.313048487  0.289795470 -0.53584423 -0.31942102 -0.15434101
[2,] -0.08494983  0.05229755 -0.23280607  0.004307304 -0.490030281 -0.28891548  0.26181083 -0.73734967
[3,] -0.53722523 -0.16055000 -0.07823727  0.146634508  0.609154295 -0.49991568  0.17951011 -0.06914827
[4,] -0.11608872 -0.76300654 -0.23889653 -0.039894975 -0.270023218 -0.12485292 -0.49989988  0.08532635
[5,] -0.09641450  0.34158624 -0.88781273 -0.146154093  0.050374819  0.09380098 -0.07657500  0.21737214
[6,] -0.16853390  0.26015932  0.16792401 -0.049954712 -0.478155077 -0.57970551  0.06304768  0.55186388
[7,] -0.18389498 -0.17390760  0.09463218 -0.908798487  0.026889713  0.10890109  0.29688825  0.01853946
[8,]  0.47551596 -0.40423485 -0.23783195  0.170638866  0.003802477 -0.08472499  0.67031347  0.26131237

