Our Model

Summary
Created from 15039 samples and 9 variables

Pre-processing:
  - centered (9)
  - independent component signal extraction (9)
  - ignored (0)
  - scaled (9)
  - spatial sign transformation (9)
  - Yeo-Johnson transformation (7)

Lambda estimates for Yeo-Johnson transformation:
0.85, -3, 2.63, 0.35, -0.22, 0.41, -0.5
ICA used 8 components

Means
          AT           AP           AH         AFDP         GTEP          TIT          TAT          TEY          CDP 
1.275691e+01 3.338228e-01 4.070670e+04 2.218844e+00 2.324215e+00 1.083799e+03 5.453962e+02 1.560344e+01 1.447810e+00 

Standard Deviation
          AT           AP           AH         AFDP         GTEP          TIT          TAT          TEY          CDP 
4.877038e+00 6.242127e-12 1.614183e+04 2.603148e-01 7.637011e-02 1.652781e+01 7.866803e+00 8.627926e-01 2.325118e-02 

ICA
$row.norm
[1] FALSE

$K
             [,1]        [,2]        [,3]        [,4]         [,5]        [,6]        [,7]        [,8]
 [1,] -0.02580472 -0.50433831  0.05647249  0.02466869 -0.006999065  1.29335385 -0.57458826 -2.19574905
 [2,]  0.03016550  0.31067476  0.80272900  0.37409279 -0.232319415  0.59584586 -0.35660006  0.32343874
 [3,] -0.04149416  0.38385854 -0.61974397  0.40447195 -0.041651887  0.93538320  0.06756452 -0.04089528
 [4,]  0.16030689 -0.01321218 -0.12577407 -0.27259118 -1.418889086  0.02896123  0.11427788 -0.62451816
 [5,]  0.19915364 -0.05272905 -0.04983480  0.06297223  0.226634194  0.13923266 -4.49766164 16.98690578
 [6,]  0.17894877 -0.13459997 -0.05095384  0.66054013  0.085839533 -0.18498644 -4.11739309 -5.34557732
 [7,] -0.14743698 -0.18690341 -0.03927926  0.93091402 -0.459651168 -0.52429962  2.62728737  4.05466760
 [8,]  0.19842240  0.03264667 -0.05693972  0.17342110  0.259976541 -0.17813963 -6.09323242 -8.48777401
 [9,]  0.19967461 -0.01896439 -0.01883543  0.10982802  0.263960263  0.06506108 16.07282584 -0.56315095

$W
            [,1]         [,2]        [,3]        [,4]        [,5]        [,6]        [,7]        [,8]
[1,]  0.13405771  0.273313079 -0.50519215 -0.30898911 -0.11322251  0.01993890  0.31906195 -0.66454321
[2,]  0.74316822 -0.487013936 -0.28567117  0.01413093 -0.03587214  0.23396156 -0.26568643  0.04578893
[3,]  0.07566748  0.613921355 -0.53533702  0.18065331  0.18150547  0.08656518 -0.19604969  0.46827386
[4,] -0.08893118 -0.266060686 -0.12541324 -0.03446558  0.76455697  0.24326260  0.50040252  0.10129098
[5,] -0.21068913  0.051746801  0.07581707 -0.14749197 -0.34618055  0.88760672  0.07390889  0.11081996
[6,] -0.54544979 -0.486505100 -0.59241404 -0.01836111 -0.24582221 -0.16100252 -0.08121200  0.14683332
[7,] -0.02070763  0.032229543  0.06314320 -0.90562147  0.17981516 -0.09256326 -0.30389113  0.20283953
[8,] -0.27158979 -0.005097246 -0.01299885  0.16811097  0.39471412  0.23634455 -0.65906319 -0.50175737

